GOPR0372_07_00 98 (720,1280,3)
GOPR0372_07_01 73 (720,1280,3)
GOPR0374_11_00 148 (720,1280,3)
GOPR0374_11_01 78 (720,1280,3)
GOPR0374_11_02 98 (720,1280,3)
GOPR0374_11_03 46 (720,1280,3)
GOPR0378_13_00 108 (720,1280,3)
GOPR0379_11_00 98 (720,1280,3)
GOPR0380_11_00 58 (720,1280,3)
GOPR0384_11_01 98 (720,1280,3)
GOPR0384_11_02 98 (720,1280,3)
GOPR0384_11_03 98 (720,1280,3)
GOPR0384_11_04 98 (720,1280,3)
GOPR0385_11_00 98 (720,1280,3)
GOPR0386_11_00 98 (720,1280,3)
GOPR0477_11_00 78 (720,1280,3)
GOPR0857_11_00 98 (720,1280,3)
GOPR0868_11_01 98 (720,1280,3)
GOPR0868_11_02 98 (720,1280,3)
GOPR0871_11_01 98 (720,1280,3)
GOPR0881_11_00 98 (720,1280,3)
GOPR0884_11_00 98 (720,1280,3)
GOPR0384_11_00 98 (720,1280,3)
GOPR0384_11_05 98 (720,1280,3)
GOPR0385_11_01 98 (720,1280,3)
GOPR0396_11_00 98 (720,1280,3)
GOPR0410_11_00 132 (720,1280,3)
GOPR0854_11_00 98 (720,1280,3)
GOPR0862_11_00 75 (720,1280,3)
GOPR0868_11_00 98 (720,1280,3)
GOPR0869_11_00 98 (720,1280,3)
GOPR0871_11_00 98 (720,1280,3)
GOPR0881_11_01 98 (720,1280,3)